[screen info]
width=531
height=299
xres=2400
yres=1350

[for deg2pix]
subject distance=1000
xDegreesPerPixel=0.012677
yDegreesPerPixel=0.01269
true center=921  808

